2.42 5.64 0.03 
6.47 4.79 9.93 
2.81 5.94 5.93 
9.89 2.88 5.96 
1.81 6.23 8.73 
6.8 2.69 4.42 
1.92 7.76 7.38 
8.36 5.21 1.95 
4.07 4.17 4.26 
3.6 6.08 0.97 
4.69 1.3 5.3 
8.16 2.84 2.6 
4.29 0.44 6.1 
4.47 0.24 8.84 
1.83 0.49 2.76 
3.27 7.4 1.2 
8.67 1.15 2.96 
9.6 0.18 1.67 
5.86 4.33 5.33 
3.79 7.53 6.92 
9.14 4.62 0.88 
3.51 4.49 6.24 
9.25 5.35 0.18 
0.73 8.53 0.14 
0.16 0.58 5.92 
6.7 5 5.15 
3.23 9.96 0.28 
3.4 6.45 0.16 
5.5 5.04 4.97 
4.53 4.96 7.27 
2.14 1.96 0.5 
3.07 7.56 8.77 
3.42 1.49 2.64 
1.92 7.42 4.81 
2.33 9.76 1.83 
3.19 7.48 7.22 
0.21 9.47 3.73 
0.14 3.68 7.67 
3.27 1.79 0.61 
0.88 4.22 6.39 
2.63 8.38 6.43 
4.95 7.99 3.12 
5.51 7.31 7.94 
2.24 3.72 7.42 
3.3 8.82 1.68 
4.21 2.24 8.43 
6.19 9.58 1.68 
5.27 9.95 5.15 
2.77 3.39 6.3 
7.03 4.39 3.73 
4.17 7.84 9.54 
9.21 1.42 0.05 
5.7 9.09 6.02 
5.78 5.39 2.07 
2.88 9.54 3.65 
8.05 3.52 0.77 
6.08 8.7 6.77 
4.58 9.64 4.47 
9.5 4.85 9.97 
6 8.82 8.69 
0.37 8 6.57 
5.52 9.3 4.78 
5.52 7.04 6.97 
7.46 2.29 4.9 
5.55 0.59 3.25 
8.51 6.64 8.35 
9.07 0.78 1.21 
7.04 5.93 7.89 
5.94 0.43 8.11 
0.84 0.07 6.94 
6.1 7.48 3.66 
4.9 6.71 3.18 
3.98 1.51 6.81 
0.53 9.82 3.84 
3.36 1.78 1.3 
3.41 7.63 7.86 
9.69 9.3 3.03 
9.71 8.58 7.85 
0.8 0.79 1.68 
6.36 8.13 3.44 
1.72 5.97 8.47 
9 6.34 5.45 
3.39 2.59 3.42 
4.1 8.41 7.75 
3.85 9.01 9.47 
9.94 0.94 6.76 
3.85 8.31 1.86 
0.36 5.96 4.02 
4.6 8.49 8.19 
9.45 4.97 5.28 
7.71 9.35 5.94 
8.13 1.29 6.79 
2.1 5.19 9.65 
7.98 2.91 0.25 
8.47 3.8 7.93 
0.58 2.05 4.68 
8.97 2.87 4.81 
8.49 9.14 0.79 
2.68 4.99 6.45 
0 7.59 0.27 
